20 20
34144584 find@inha.edu
87546123 rosen@word.de
17546788 island@factory.com
73154591 inha@inha.edu
21231786 university@inha.edu
14126104 gagarin@private.ru
88521479 asterisk@everthing.com
33446784 live@show.com
86812887 decoration@modify.com
62135746 my@littletv.com
51894324 previous@id.edu
44558822 aqua@band.uk
14785236 laika@dog.ru
31772348 candy@factory.com
12457896 estimate@music.net
13126104 new@generate.com
65457812 engel@word.de
45789624 love@final.com
11447755 muse@band.uk
75123869 dome@gocheok.kr
11 87546123 65457812
121 86812887 51894324
123 31772348 17546788
45 45789624 33446784
21 13126104 33446784
35 14126104 34144584
33 62135746 34144584
44 45789624 14785236
55 45789624 33446784
24 87546123 65457812
76 75123869 33446784
12 11447755 45789624
125 44558822 21231786
250 34144584 14785236
1 14126104 14785236
212 75123869 86812887
3 65457812 12457896
313 51894324 31772348 
511 13126104 11447755
111 88521479 14126104